t,count
1663374541,0
1663374542,0
1663374543,0
1663374544,0
1663374545,0
1663374546,0
1663374547,0
1663374548,6590
1663374549,6590
1663374550,8533
1663374551,8533
1663374552,9303
1663374553,11306
1663374554,11306
1663374555,13221
1663374556,14096
1663374557,14368
1663374558,15870
1663374558,16440
