t,count
1663371903,0
1663371904,0
1663371905,0
1663371906,0
1663371907,0
1663371908,0
1663371909,0
1663371910,0
1663371911,0
1663371912,0
1663371913,0
1663371914,11838
1663371915,11838
1663371916,11838
1663371917,11838
1663371918,18764
1663371919,19128
1663371920,19128
1663371921,19128
1663371922,22963
1663371923,23507
