t,count
1663354377,0
1663354378,0
1663354379,0
1663354380,0
1663354381,0
1663354382,0
1663354383,0
1663354384,0
1663354385,0
1663354386,0
1663354387,0
1663354388,0
1663354389,0
1663354390,0
1663354391,0
1663354392,8786
1663354393,8786
1663354394,8786
1663354395,8786
1663354396,8786
1663354397,8786
1663354398,13003
1663354399,13228
1663354400,13228
1663354401,13228
1663354402,14943
1663354403,15150
1663354404,15150
